# ID, Label, Longitude [deg], Latitude [deg]
0.000000000000000000e+00 0.000000000000000000e+00 1.167656957999994916e+02 -2.682616213000002503e+01
1.000000000000000000e+00 1.000000000000000000e+00 1.167636210798963674e+02 -2.682364606257973350e+01
2.000000000000000000e+00 2.000000000000000000e+00 1.167651555955117573e+02 -2.682515161814809446e+01
3.000000000000000000e+00 3.000000000000000000e+00 1.167631025000001870e+02 -2.682522621000004293e+01
4.000000000000000000e+00 4.000000000000000000e+00 1.167646225543718828e+02 -2.682451119741547174e+01
5.000000000000000000e+00 5.000000000000000000e+00 1.167641296718183952e+02 -2.682292317501095624e+01
6.000000000000000000e+00 6.000000000000000000e+00 1.167647692217583710e+02 -2.682354415506924994e+01
7.000000000000000000e+00 7.000000000000000000e+00 1.167645394381077182e+02 -2.682518454983448919e+01
8.000000000000000000e+00 8.000000000000000000e+00 1.167655742999995852e+02 -2.682412008999997610e+01
9.000000000000000000e+00 9.000000000000000000e+00 1.167626026907231704e+02 -2.682421605193020753e+01
1.000000000000000000e+01 1.000000000000000000e+01 1.167630731831801114e+02 -2.682427837639890100e+01
1.100000000000000000e+01 1.100000000000000000e+01 1.167660713559836694e+02 -2.682344919598391186e+01
1.200000000000000000e+01 1.200000000000000000e+01 1.167644339999999801e+02 -2.682567181000043632e+01
1.300000000000000000e+01 1.300000000000000000e+01 1.167649040603225785e+02 -2.682546429147562606e+01
1.400000000000000000e+01 1.400000000000000000e+01 1.167639962011384256e+02 -2.682462186414319305e+01
1.500000000000000000e+01 1.500000000000000000e+01 1.167623059772057843e+02 -2.682467697138274332e+01
1.600000000000000000e+01 1.600000000000000000e+01 1.167652627552261038e+02 -2.682380948188892944e+01
1.700000000000000000e+01 1.700000000000000000e+01 1.167660333000002026e+02 -2.682406202000001016e+01
1.800000000000000000e+01 1.800000000000000000e+01 1.167640194857632707e+02 -2.682534864543751496e+01
1.900000000000000000e+01 1.900000000000000000e+01 1.167648057911952719e+02 -2.682488493316900602e+01
2.000000000000000000e+01 2.000000000000000000e+01 1.167661301999999921e+02 -2.682456892000001147e+01
2.100000000000000000e+01 2.100000000000000000e+01 1.167664075999998090e+02 -2.682523075999997175e+01
2.200000000000000000e+01 2.200000000000000000e+01 1.167653637814379266e+02 -2.682581515904100300e+01
2.300000000000000000e+01 2.300000000000000000e+01 1.167638487508031488e+02 -2.682329629173540297e+01
2.400000000000000000e+01 2.400000000000000000e+01 1.167657094357821279e+02 -2.682325157997107112e+01
2.500000000000000000e+01 2.500000000000000000e+01 1.167634985681188198e+02 -2.682306086112869892e+01
2.600000000000000000e+01 2.600000000000000000e+01 1.167644799187142723e+02 -2.682315562374033746e+01
2.700000000000000000e+01 2.700000000000000000e+01 1.167647428999999875e+02 -2.682638202999997290e+01
2.800000000000000000e+01 2.800000000000000000e+01 1.167639193999999634e+02 -2.682581749999999587e+01
2.900000000000000000e+01 2.900000000000000000e+01 1.167652055634714543e+02 -2.682338066091659101e+01
3.000000000000000000e+01 3.000000000000000000e+01 1.167655796000001089e+02 -2.682548882000002521e+01
3.100000000000000000e+01 3.100000000000000000e+01 1.167651408675239963e+02 -2.682266685312779231e+01
3.200000000000000000e+01 3.200000000000000000e+01 1.167637740999999636e+02 -2.682626327000004096e+01
3.300000000000000000e+01 3.300000000000000000e+01 1.167664875000000819e+02 -2.682408734999997080e+01
3.400000000000000000e+01 3.400000000000000000e+01 1.167635733000000471e+02 -2.682539741000001854e+01
3.500000000000000000e+01 3.500000000000000000e+01 1.167630041097527425e+02 -2.682580168448675195e+01
3.600000000000000000e+01 3.600000000000000000e+01 1.167651878865826660e+02 -2.682462592982280469e+01
3.700000000000000000e+01 3.700000000000000000e+01 1.167630760285115628e+02 -2.682482821084881053e+01
3.800000000000000000e+01 3.800000000000000000e+01 1.167651990999999896e+02 -2.682641603000028852e+01
3.900000000000000000e+01 3.900000000000000000e+01 1.167622326906557504e+02 -2.682402938453705232e+01
4.000000000000000000e+01 4.000000000000000000e+01 1.167634184225876766e+02 -2.682458689037898125e+01
4.100000000000000000e+01 4.100000000000000000e+01 1.167665960999999442e+02 -2.682445806000002619e+01
4.200000000000000000e+01 4.200000000000000000e+01 1.167623277999998379e+02 -2.682531999999997652e+01
4.300000000000000000e+01 4.300000000000000000e+01 1.167651675340096489e+02 -2.682424309517305261e+01
4.400000000000000000e+01 4.400000000000000000e+01 1.167637492999999438e+02 -2.682664258000030344e+01
4.500000000000000000e+01 4.500000000000000000e+01 1.167626394999999349e+02 -2.682374404000020007e+01
4.600000000000000000e+01 4.600000000000000000e+01 1.167661076999999068e+02 -2.682590250000011878e+01
4.700000000000000000e+01 4.700000000000000000e+01 1.167626085999996235e+02 -2.682497718000000830e+01
4.800000000000000000e+01 4.800000000000000000e+01 1.167645825000000315e+02 -2.682273373000018424e+01
4.900000000000000000e+01 4.900000000000000000e+01 1.167664695000001558e+02 -2.682569579000023197e+01
5.000000000000000000e+01 5.000000000000000000e+01 1.167649648504271909e+02 -2.682301951336193113e+01
5.100000000000000000e+01 5.100000000000000000e+01 1.167642183999999617e+02 -2.682614823000044879e+01
5.200000000000000000e+01 5.200000000000000000e+01 1.167632409956803343e+02 -2.682387673539066242e+01
5.300000000000000000e+01 5.300000000000000000e+01 1.167657191426229844e+02 -2.682447704601607796e+01
5.400000000000000000e+01 5.400000000000000000e+01 1.167667313000002594e+02 -2.682487752999997710e+01
5.500000000000000000e+01 5.500000000000000000e+01 1.167627309999999312e+02 -2.682551226999998661e+01
5.600000000000000000e+01 5.600000000000000000e+01 1.167648978999999798e+02 -2.682592941000025277e+01
5.700000000000000000e+01 5.700000000000000000e+01 1.167634101000000157e+02 -2.682598422000021188e+01
5.800000000000000000e+01 5.800000000000000000e+01 1.167641981608013282e+02 -2.682495577428956324e+01
5.900000000000000000e+01 5.900000000000000000e+01 1.167659659506173853e+02 -2.682510295369401732e+01
6.000000000000000000e+01 6.000000000000000000e+01 1.167629843007574522e+02 -2.682625008762574126e+01
6.100000000000000000e+01 6.100000000000000000e+01 1.167633452999997701e+02 -2.682645839999971926e+01
6.200000000000000000e+01 6.200000000000000000e+01 1.167635747999999296e+02 -2.682499370000000738e+01
6.300000000000000000e+01 6.300000000000000000e+01 1.167630734999996349e+02 -2.682321344000043339e+01
6.400000000000000000e+01 6.400000000000000000e+01 1.167637491329512898e+02 -2.682270184916949773e+01
6.500000000000000000e+01 6.500000000000000000e+01 1.167643540999999630e+02 -2.682669943000032120e+01
6.600000000000000000e+01 6.600000000000000000e+01 1.167627386419171813e+02 -2.682457846370158805e+01
6.700000000000000000e+01 6.700000000000000000e+01 1.167656382905053931e+02 -2.682284385860633691e+01
6.800000000000000000e+01 6.800000000000000000e+01 1.167657300000003886e+02 -2.682369720999970397e+01
6.900000000000000000e+01 6.900000000000000000e+01 1.167641837869249599e+02 -2.682352853328852760e+01
7.000000000000000000e+01 7.000000000000000000e+01 1.167660718999996590e+02 -2.682551407999999071e+01
7.100000000000000000e+01 7.100000000000000000e+01 1.167664020761068002e+02 -2.682369420197765919e+01
7.200000000000000000e+01 7.200000000000000000e+01 1.167648915000000045e+02 -2.682674108000039936e+01
7.300000000000000000e+01 7.300000000000000000e+01 1.167624473560832286e+02 -2.682579705258975622e+01
7.400000000000000000e+01 7.400000000000000000e+01 1.167655827302295393e+02 -2.682493425650303109e+01
7.500000000000000000e+01 7.500000000000000000e+01 1.167666724000001039e+02 -2.682638329999983995e+01
7.600000000000000000e+01 7.600000000000000000e+01 1.167667323000002284e+02 -2.682676354999972901e+01
7.700000000000000000e+01 7.700000000000000000e+01 1.167622902999997478e+02 -2.682229898999995754e+01
7.800000000000000000e+01 7.800000000000000000e+01 1.167659338111556480e+02 -2.682689212947745006e+01
7.900000000000000000e+01 7.900000000000000000e+01 1.167612260999996465e+02 -2.682372356999958640e+01
8.000000000000000000e+01 8.000000000000000000e+01 1.167653601999999751e+02 -2.682771787000000430e+01
8.100000000000000000e+01 8.100000000000000000e+01 1.167629317999998619e+02 -2.682694292000018521e+01
8.200000000000000000e+01 8.200000000000000000e+01 1.167676874000001703e+02 -2.682328829999994468e+01
8.300000000000000000e+01 8.300000000000000000e+01 1.167625644000002580e+02 -2.682669249999958794e+01
8.400000000000000000e+01 8.400000000000000000e+01 1.167667463999998176e+02 -2.682291964999973644e+01
8.500000000000000000e+01 8.500000000000000000e+01 1.167634748999999914e+02 -2.682719423999973074e+01
8.600000000000000000e+01 8.600000000000000000e+01 1.167618118999999410e+02 -2.682557159000001334e+01
8.700000000000000000e+01 8.700000000000000000e+01 1.167650766000000004e+02 -2.682726871000036084e+01
8.800000000000000000e+01 8.800000000000000000e+01 1.167627641000001262e+02 -2.682259064999974996e+01
8.900000000000000000e+01 8.900000000000000000e+01 1.167611171000001349e+02 -2.682415185000002111e+01
9.000000000000000000e+01 9.000000000000000000e+01 1.167625560999996566e+02 -2.682717253999978269e+01
9.100000000000000000e+01 9.100000000000000000e+01 1.167613687999999996e+02 -2.682453503999996514e+01
9.200000000000000000e+01 9.200000000000000000e+01 1.167630781999996117e+02 -2.682180883000034655e+01
9.300000000000000000e+01 9.300000000000000000e+01 1.167676562000000473e+02 -2.682601497000039004e+01
9.400000000000000000e+01 9.400000000000000000e+01 1.167617672608402444e+02 -2.682415583068404530e+01
9.500000000000000000e+01 9.500000000000000000e+01 1.167615063000000788e+02 -2.682307079999970512e+01
9.600000000000000000e+01 9.600000000000000000e+01 1.167655317999998772e+02 -2.682243768000033413e+01
9.700000000000000000e+01 9.700000000000000000e+01 1.167674855944325571e+02 -2.682419696837699519e+01
9.800000000000000000e+01 9.800000000000000000e+01 1.167658066999998567e+02 -2.682737004000037473e+01
9.900000000000000000e+01 9.900000000000000000e+01 1.167657169435743043e+02 -2.682654484036662978e+01
1.000000000000000000e+02 1.000000000000000000e+02 1.167637153999999668e+02 -2.682186054999963787e+01
1.010000000000000000e+02 1.010000000000000000e+02 1.167632721999997472e+02 -2.682248305000021915e+01
1.020000000000000000e+02 1.020000000000000000e+02 1.167672443000000726e+02 -2.682577805999998333e+01
1.030000000000000000e+02 1.030000000000000000e+02 1.167663785000000303e+02 -2.682224379999974673e+01
1.040000000000000000e+02 1.040000000000000000e+02 1.167639572000000214e+02 -2.682233732000021931e+01
1.050000000000000000e+02 1.050000000000000000e+02 1.167617886999997978e+02 -2.682271556999979722e+01
1.060000000000000000e+02 1.060000000000000000e+02 1.167672322000001088e+02 -2.682373648000002930e+01
1.070000000000000000e+02 1.070000000000000000e+02 1.167619552000003580e+02 -2.682510197000003416e+01
1.080000000000000000e+02 1.080000000000000000e+02 1.167659834474751790e+02 -2.682207238756446799e+01
1.090000000000000000e+02 1.090000000000000000e+02 1.167650687999999661e+02 -2.682202390000025360e+01
1.100000000000000000e+02 1.100000000000000000e+02 1.167623750972945800e+02 -2.682618748215727678e+01
1.110000000000000000e+02 1.110000000000000000e+02 1.167645690999999886e+02 -2.682726582000034554e+01
1.120000000000000000e+02 1.120000000000000000e+02 1.167632116999998289e+02 -2.682754168999958111e+01
1.130000000000000000e+02 1.130000000000000000e+02 1.167619305999998716e+02 -2.682322368000027168e+01
1.140000000000000000e+02 1.140000000000000000e+02 1.167612721999999366e+02 -2.682592915999977734e+01
1.150000000000000000e+02 1.150000000000000000e+02 1.167625814158803621e+02 -2.682335072176035595e+01
1.160000000000000000e+02 1.160000000000000000e+02 1.167662440390691074e+02 -2.682641394921411759e+01
1.170000000000000000e+02 1.170000000000000000e+02 1.167642127999999389e+02 -2.682162726999964164e+01
1.180000000000000000e+02 1.180000000000000000e+02 1.167670238000002030e+02 -2.682321698999975013e+01
1.190000000000000000e+02 1.190000000000000000e+02 1.167668953000001864e+02 -2.682544012999995786e+01
1.200000000000000000e+02 1.200000000000000000e+02 1.167617876999997435e+02 -2.682359654000017812e+01
1.210000000000000000e+02 1.210000000000000000e+02 1.167645957999999951e+02 -2.682200787000019204e+01
1.220000000000000000e+02 1.220000000000000000e+02 1.167664846999996797e+02 -2.682324161999971679e+01
1.230000000000000000e+02 1.230000000000000000e+02 1.167676786999998342e+02 -2.682483274999995970e+01
1.240000000000000000e+02 1.240000000000000000e+02 1.167621426999998420e+02 -2.682680931603297125e+01
1.250000000000000000e+02 1.250000000000000000e+02 1.167672799000004034e+02 -2.682637699000025577e+01
1.260000000000000000e+02 1.260000000000000000e+02 1.167616700999995487e+02 -2.682676571999989434e+01
1.270000000000000000e+02 1.270000000000000000e+02 1.167619853000002479e+02 -2.682645223999971051e+01
1.280000000000000000e+02 1.280000000000000000e+02 1.167613318000000930e+02 -2.682551082000003717e+01
1.290000000000000000e+02 1.290000000000000000e+02 1.167639869000000203e+02 -2.682754237000015252e+01
1.300000000000000000e+02 1.300000000000000000e+02 1.167670148839748805e+02 -2.682409705033725089e+01
1.310000000000000000e+02 1.310000000000000000e+02 1.167663922999997084e+02 -2.682700720000037364e+01
1.320000000000000000e+02 1.320000000000000000e+02 1.167671616000002217e+02 -2.682270323999997430e+01
1.330000000000000000e+02 1.330000000000000000e+02 1.167655080000001107e+02 -2.682189008999988999e+01
1.340000000000000000e+02 1.340000000000000000e+02 1.167612424999999803e+02 -2.682512590999999347e+01
1.350000000000000000e+02 1.350000000000000000e+02 1.167679584000000546e+02 -2.682542389000003524e+01
1.360000000000000000e+02 1.360000000000000000e+02 1.167623744000004393e+02 -2.682276626999963653e+01
1.370000000000000000e+02 1.370000000000000000e+02 1.167647477000000151e+02 -2.682150612999985384e+01
1.380000000000000000e+02 1.380000000000000000e+02 1.167629329000000666e+02 -2.682224217000042543e+01
1.390000000000000000e+02 1.390000000000000000e+02 1.167619678000002637e+02 -2.682606404000029343e+01
1.400000000000000000e+02 1.400000000000000000e+02 1.167671585000001642e+02 -2.682679450999994231e+01
1.410000000000000000e+02 1.410000000000000000e+02 1.167641917127786542e+02 -2.682708779969699009e+01
1.420000000000000000e+02 1.420000000000000000e+02 1.167664594183424356e+02 -2.682740271917095853e+01
1.430000000000000000e+02 1.430000000000000000e+02 1.167678475999994845e+02 -2.682439529999998840e+01
1.440000000000000000e+02 1.440000000000000000e+02 1.167669699000002339e+02 -2.682607547000027637e+01
1.450000000000000000e+02 1.450000000000000000e+02 1.167664359999999562e+02 -2.682262020999968044e+01
1.460000000000000000e+02 1.460000000000000000e+02 1.167673229000003658e+02 -2.682462111999997489e+01
1.470000000000000000e+02 1.470000000000000000e+02 1.167644015999999709e+02 -2.682236806999954837e+01
1.480000000000000000e+02 1.480000000000000000e+02 1.167667954080700383e+02 -2.682239417079766142e+01
1.490000000000000000e+02 1.490000000000000000e+02 1.167668133000000807e+02 -2.682360228999971241e+01
1.500000000000000000e+02 1.500000000000000000e+02 1.167608893999999538e+02 -2.682448039000003703e+01
1.510000000000000000e+02 1.510000000000000000e+02 1.167607715999996429e+02 -2.682561331000002269e+01
1.520000000000000000e+02 1.520000000000000000e+02 1.167692364000000254e+02 -2.682537136999998850e+01
1.530000000000000000e+02 1.530000000000000000e+02 1.167600421000002484e+02 -2.682595094000004465e+01
1.540000000000000000e+02 1.540000000000000000e+02 1.167651479106890804e+02 -2.682064085742838344e+01
1.550000000000000000e+02 1.550000000000000000e+02 1.167654471000000171e+02 -2.682851032999976937e+01
1.560000000000000000e+02 1.560000000000000000e+02 1.167625149000004114e+02 -2.682829217000015021e+01
1.570000000000000000e+02 1.570000000000000000e+02 1.167639783000000051e+02 -2.682837846999989395e+01
1.580000000000000000e+02 1.580000000000000000e+02 1.167689187000000857e+02 -2.682619804999992752e+01
1.590000000000000000e+02 1.590000000000000000e+02 1.167605068000002149e+02 -2.682665011999972648e+01
1.600000000000000000e+02 1.600000000000000000e+02 1.167639654999999692e+02 -2.682042955999984102e+01
1.610000000000000000e+02 1.610000000000000000e+02 1.167615010000004645e+02 -2.682242643999969545e+01
1.620000000000000000e+02 1.620000000000000000e+02 1.167681193000001230e+02 -2.682704269999976887e+01
1.630000000000000000e+02 1.630000000000000000e+02 1.167668497999997186e+02 -2.682813455000028213e+01
1.640000000000000000e+02 1.640000000000000000e+02 1.167692076000003567e+02 -2.682456853999996937e+01
1.650000000000000000e+02 1.650000000000000000e+02 1.167654684576449142e+02 -2.682093800550729412e+01
1.660000000000000000e+02 1.660000000000000000e+02 1.167661431000002068e+02 -2.682772178999958612e+01
1.670000000000000000e+02 1.670000000000000000e+02 1.167606018999999975e+02 -2.682358527999956621e+01
1.680000000000000000e+02 1.680000000000000000e+02 1.167682524999995479e+02 -2.682609240000002515e+01
1.690000000000000000e+02 1.690000000000000000e+02 1.167604632999998699e+02 -2.682318797000017696e+01
1.700000000000000000e+02 1.700000000000000000e+02 1.167664470944328343e+02 -2.682799092473887370e+01
1.710000000000000000e+02 1.710000000000000000e+02 1.167660164999996653e+02 -2.682819704000011996e+01
1.720000000000000000e+02 1.720000000000000000e+02 1.167645727999999963e+02 -2.682905447000013055e+01
1.730000000000000000e+02 1.730000000000000000e+02 1.167675313999998963e+02 -2.682722929999996353e+01
1.740000000000000000e+02 1.740000000000000000e+02 1.167624585999997464e+02 -2.682102650999972582e+01
1.750000000000000000e+02 1.750000000000000000e+02 1.167608846999997638e+02 -2.682265242000019256e+01
1.760000000000000000e+02 1.760000000000000000e+02 1.167632865000001345e+02 -2.682846085000030101e+01
1.770000000000000000e+02 1.770000000000000000e+02 1.167607345000003392e+02 -2.682489910000003164e+01
1.780000000000000000e+02 1.780000000000000000e+02 1.167644768999999769e+02 -2.682087514999958344e+01
1.790000000000000000e+02 1.790000000000000000e+02 1.167681684855983661e+02 -2.682336897917165075e+01
1.800000000000000000e+02 1.800000000000000000e+02 1.167682301000003946e+02 -2.682405862000003083e+01
1.810000000000000000e+02 1.810000000000000000e+02 1.167609423999999620e+02 -2.682325876999973602e+01
1.820000000000000000e+02 1.820000000000000000e+02 1.167671093537040150e+02 -2.682110425764496853e+01
1.830000000000000000e+02 1.830000000000000000e+02 1.167620155000002597e+02 -2.682838396000025583e+01
1.840000000000000000e+02 1.840000000000000000e+02 1.167615141000002836e+02 -2.682714451999966343e+01
1.850000000000000000e+02 1.850000000000000000e+02 1.167606783000002650e+02 -2.682408579999997400e+01
1.860000000000000000e+02 1.860000000000000000e+02 1.167683888000001105e+02 -2.682562745000038618e+01
1.870000000000000000e+02 1.870000000000000000e+02 1.167687784000002864e+02 -2.682469982000001352e+01
1.880000000000000000e+02 1.880000000000000000e+02 1.167685574000003044e+02 -2.682320780999978638e+01
1.890000000000000000e+02 1.890000000000000000e+02 1.167690802000000048e+02 -2.682405775000000858e+01
1.900000000000000000e+02 1.900000000000000000e+02 1.167649353999999562e+02 -2.682816363000008053e+01
1.910000000000000000e+02 1.910000000000000000e+02 1.167610519000000693e+02 -2.682753364999963352e+01
1.920000000000000000e+02 1.920000000000000000e+02 1.167636055999999627e+02 -2.682064889000025332e+01
1.930000000000000000e+02 1.930000000000000000e+02 1.167619802999997631e+02 -2.682774131999964240e+01
1.940000000000000000e+02 1.940000000000000000e+02 1.167668410000001984e+02 -2.682140473000035286e+01
1.950000000000000000e+02 1.950000000000000000e+02 1.167674362999996163e+02 -2.682199446999959491e+01
1.960000000000000000e+02 1.960000000000000000e+02 1.167645529549391767e+02 -2.682798426474583664e+01
1.970000000000000000e+02 1.970000000000000000e+02 1.167687968000001604e+02 -2.682531354000004953e+01
1.980000000000000000e+02 1.980000000000000000e+02 1.167605767000004278e+02 -2.682227110000015458e+01
1.990000000000000000e+02 1.990000000000000000e+02 1.167673222999996483e+02 -2.682536054000004100e+01
2.000000000000000000e+02 2.000000000000000000e+02 1.167632578999995587e+02 -2.682895033999993117e+01
2.010000000000000000e+02 2.010000000000000000e+02 1.167636043000000399e+02 -2.682802598000031935e+01
2.020000000000000000e+02 2.020000000000000000e+02 1.167597496999996451e+02 -2.682468815000001072e+01
2.030000000000000000e+02 2.030000000000000000e+02 1.167654133693408625e+02 -2.682890858485829710e+01
2.040000000000000000e+02 2.040000000000000000e+02 1.167603687000001571e+02 -2.682456628000003107e+01
2.050000000000000000e+02 2.050000000000000000e+02 1.167655075000000977e+02 -2.682811287000001599e+01
2.060000000000000000e+02 2.060000000000000000e+02 1.167661760999999103e+02 -2.682039502999976932e+01
2.070000000000000000e+02 2.070000000000000000e+02 1.167657017999999596e+02 -2.682024789000037401e+01
2.080000000000000000e+02 2.080000000000000000e+02 1.167662370000004159e+02 -2.682094143000010433e+01
2.090000000000000000e+02 2.090000000000000000e+02 1.167658354999997528e+02 -2.682114906999971993e+01
2.100000000000000000e+02 2.100000000000000000e+02 1.167658447999994991e+02 -2.682066268999959391e+01
2.110000000000000000e+02 2.110000000000000000e+02 1.167665810999999536e+02 -2.682070712000029644e+01
2.120000000000000000e+02 2.120000000000000000e+02 1.167594636999998130e+02 -2.682551952999997980e+01
2.130000000000000000e+02 2.130000000000000000e+02 1.167602740000001376e+02 -2.682553978000001393e+01
2.140000000000000000e+02 2.140000000000000000e+02 1.167595994999999363e+02 -2.682505079000004145e+01
2.150000000000000000e+02 2.150000000000000000e+02 1.167594014999999388e+02 -2.682601534999998805e+01
2.160000000000000000e+02 2.160000000000000000e+02 1.167590857999995819e+02 -2.682572951999991062e+01
2.170000000000000000e+02 2.170000000000000000e+02 1.167599512000000175e+02 -2.682528522000000493e+01
2.180000000000000000e+02 2.180000000000000000e+02 1.167681085000003804e+02 -2.682825993000042786e+01
2.190000000000000000e+02 2.190000000000000000e+02 1.167676835197571563e+02 -2.682804687636867769e+01
2.200000000000000000e+02 2.200000000000000000e+02 1.167677414999994880e+02 -2.682757412999973923e+01
2.210000000000000000e+02 2.210000000000000000e+02 1.167673268000002338e+02 -2.682826665000030175e+01
2.220000000000000000e+02 2.220000000000000000e+02 1.167680546045029644e+02 -2.682782895397557610e+01
2.230000000000000000e+02 2.230000000000000000e+02 1.167672242999999668e+02 -2.682788291999972330e+01
2.240000000000000000e+02 2.240000000000000000e+02 1.167625260999994765e+02 -2.681952775999982919e+01
2.250000000000000000e+02 2.250000000000000000e+02 1.167620793521497404e+02 -2.681930029021123119e+01
2.260000000000000000e+02 2.260000000000000000e+02 1.167624950999997964e+02 -2.681905514000042601e+01
2.270000000000000000e+02 2.270000000000000000e+02 1.167618025999996973e+02 -2.681901178999959257e+01
2.280000000000000000e+02 2.280000000000000000e+02 1.167627875999999816e+02 -2.681875595999990480e+01
2.290000000000000000e+02 2.290000000000000000e+02 1.167621225999995005e+02 -2.681844456000015953e+01
2.300000000000000000e+02 2.300000000000000000e+02 1.167566002999996755e+02 -2.682053683999966509e+01
2.310000000000000000e+02 2.310000000000000000e+02 1.167560972999998228e+02 -2.682018843999973612e+01
2.320000000000000000e+02 2.320000000000000000e+02 1.167573921999998277e+02 -2.682004695999997423e+01
2.330000000000000000e+02 2.330000000000000000e+02 1.167567192000004468e+02 -2.682003457999989493e+01
2.340000000000000000e+02 2.340000000000000000e+02 1.167562179999998051e+02 -2.681971943000010938e+01
2.350000000000000000e+02 2.350000000000000000e+02 1.167570381000001589e+02 -2.681967129999972244e+01
2.360000000000000000e+02 2.360000000000000000e+02 1.167513872835237123e+02 -2.682591578937428878e+01
2.370000000000000000e+02 2.370000000000000000e+02 1.167518351999951136e+02 -2.682586031999985465e+01
2.380000000000000000e+02 2.380000000000000000e+02 1.167508947263733319e+02 -2.682556446631724967e+01
2.390000000000000000e+02 2.390000000000000000e+02 1.167517473000039701e+02 -2.682542675999999915e+01
2.400000000000000000e+02 2.400000000000000000e+02 1.167513125090897006e+02 -2.682537767503765025e+01
2.410000000000000000e+02 2.410000000000000000e+02 1.167514347000005159e+02 -2.682501363999998389e+01
2.420000000000000000e+02 2.420000000000000000e+02 1.167502747999949833e+02 -2.683568631999659715e+01
2.430000000000000000e+02 2.430000000000000000e+02 1.167507354000021280e+02 -2.683559326999602490e+01
2.440000000000000000e+02 2.440000000000000000e+02 1.167507847000024981e+02 -2.683516747000254554e+01
2.450000000000000000e+02 2.450000000000000000e+02 1.167512427000030755e+02 -2.683508705000030403e+01
2.460000000000000000e+02 2.460000000000000000e+02 1.167501240999977625e+02 -2.683498443000154410e+01
2.470000000000000000e+02 2.470000000000000000e+02 1.167504918000042835e+02 -2.683456517000025343e+01
2.480000000000000000e+02 2.480000000000000000e+02 1.167595356000002766e+02 -2.682962241999986119e+01
2.490000000000000000e+02 2.490000000000000000e+02 1.167601502488295608e+02 -2.682962947624495342e+01
2.500000000000000000e+02 2.500000000000000000e+02 1.167605723000001205e+02 -2.682951217000029942e+01
2.510000000000000000e+02 2.510000000000000000e+02 1.167599187000000995e+02 -2.682929855000014641e+01
2.520000000000000000e+02 2.520000000000000000e+02 1.167603287999996411e+02 -2.682919346999982224e+01
2.530000000000000000e+02 2.530000000000000000e+02 1.167596437000000691e+02 -2.682883354000037102e+01
2.540000000000000000e+02 2.540000000000000000e+02 1.167641700999999586e+02 -2.683344735999980912e+01
2.550000000000000000e+02 2.550000000000000000e+02 1.167632695041624515e+02 -2.683347343366272142e+01
2.560000000000000000e+02 2.560000000000000000e+02 1.167636781999999442e+02 -2.683328188000007231e+01
2.570000000000000000e+02 2.570000000000000000e+02 1.167632762000003623e+02 -2.683307676999965352e+01
2.580000000000000000e+02 2.580000000000000000e+02 1.167641624999999692e+02 -2.683292456999987508e+01
2.590000000000000000e+02 2.590000000000000000e+02 1.167636376999999186e+02 -2.683279788000021782e+01
2.600000000000000000e+02 2.600000000000000000e+02 1.167720754000004320e+02 -2.683480945999558998e+01
2.610000000000000000e+02 2.610000000000000000e+02 1.167715931490114372e+02 -2.683483984976477643e+01
2.620000000000000000e+02 2.620000000000000000e+02 1.167711255000003945e+02 -2.683460356000396985e+01
2.630000000000000000e+02 2.630000000000000000e+02 1.167718038000004555e+02 -2.683447495999974919e+01
2.640000000000000000e+02 2.640000000000000000e+02 1.167712285999994606e+02 -2.683416072000084895e+01
2.650000000000000000e+02 2.650000000000000000e+02 1.167718440000000015e+02 -2.683395205999807587e+01
2.660000000000000000e+02 2.660000000000000000e+02 1.167814460000040668e+02 -2.683086504000029038e+01
2.670000000000000000e+02 2.670000000000000000e+02 1.167811155984967684e+02 -2.683053929218351996e+01
2.680000000000000000e+02 2.680000000000000000e+02 1.167816836999956820e+02 -2.683043171000041482e+01
2.690000000000000000e+02 2.690000000000000000e+02 1.167809077000010376e+02 -2.683014304999963784e+01
2.700000000000000000e+02 2.700000000000000000e+02 1.167816649999966501e+02 -2.683002670999989547e+01
2.710000000000000000e+02 2.710000000000000000e+02 1.167812162000028309e+02 -2.682970966999974749e+01
2.720000000000000000e+02 2.720000000000000000e+02 1.167711639262864907e+02 -2.682639231134260527e+01
2.730000000000000000e+02 2.730000000000000000e+02 1.167707807000000031e+02 -2.682608862000045491e+01
2.740000000000000000e+02 2.740000000000000000e+02 1.167703494999997389e+02 -2.682601759000007746e+01
2.750000000000000000e+02 2.750000000000000000e+02 1.167711986999999283e+02 -2.682599425000038096e+01
2.760000000000000000e+02 2.760000000000000000e+02 1.167709057000000286e+02 -2.682555559000003598e+01
2.770000000000000000e+02 2.770000000000000000e+02 1.167713460000002783e+02 -2.682547128000001635e+01
2.780000000000000000e+02 2.780000000000000000e+02 1.167731736000002343e+02 -2.682149081999958895e+01
2.790000000000000000e+02 2.790000000000000000e+02 1.167724311048288826e+02 -2.682139639139659693e+01
2.800000000000000000e+02 2.800000000000000000e+02 1.167728667999997185e+02 -2.682119927000010051e+01
2.810000000000000000e+02 2.810000000000000000e+02 1.167722088000003566e+02 -2.682092697999970810e+01
2.820000000000000000e+02 2.820000000000000000e+02 1.167732601999994841e+02 -2.682083391000002948e+01
2.830000000000000000e+02 2.830000000000000000e+02 1.167729181000001262e+02 -2.682051935000006537e+01
2.840000000000000000e+02 2.840000000000000000e+02 1.167707600000002941e+02 -2.681477548000318478e+01
2.850000000000000000e+02 2.850000000000000000e+02 1.167703684999998899e+02 -2.681432947000296352e+01
2.860000000000000000e+02 2.860000000000000000e+02 1.167697476000003718e+02 -2.681424455999945877e+01
2.870000000000000000e+02 2.870000000000000000e+02 1.167709254000000811e+02 -2.681418799999662994e+01
2.880000000000000000e+02 2.880000000000000000e+02 1.167699663999996176e+02 -2.681388139000181425e+01
2.890000000000000000e+02 2.890000000000000000e+02 1.167704816000003234e+02 -2.681377524000431833e+01
2.900000000000000000e+02 2.900000000000000000e+02 1.167614958999995451e+02 -2.680923605000167242e+01
2.910000000000000000e+02 2.910000000000000000e+02 1.167608950999997148e+02 -2.680915607999692796e+01
2.920000000000000000e+02 2.920000000000000000e+02 1.167618391000000742e+02 -2.680895469999836322e+01
2.930000000000000000e+02 2.930000000000000000e+02 1.167612917000000863e+02 -2.680875041999621189e+01
2.940000000000000000e+02 2.940000000000000000e+02 1.167615203000003987e+02 -2.680841398000315223e+01
2.950000000000000000e+02 2.950000000000000000e+02 1.167608758999997747e+02 -2.680839820000343465e+01
2.960000000000000000e+02 2.960000000000000000e+02 1.167587331999995399e+02 -2.684401939000074577e+01
2.970000000000000000e+02 2.970000000000000000e+02 1.167593760000000458e+02 -2.684369450000241741e+01
2.980000000000000000e+02 2.980000000000000000e+02 1.167586956999997767e+02 -2.684362851999859956e+01
2.990000000000000000e+02 2.990000000000000000e+02 1.167582086999998978e+02 -2.684349207000316895e+01
3.000000000000000000e+02 3.000000000000000000e+02 1.167590991999999090e+02 -2.684325150000298166e+01
3.010000000000000000e+02 3.010000000000000000e+02 1.167587641000003629e+02 -2.684290084999683401e+01
3.020000000000000000e+02 3.020000000000000000e+02 1.167717756999999779e+02 -2.684982054999779066e+01
3.030000000000000000e+02 3.030000000000000000e+02 1.167722388999999907e+02 -2.684966779999711406e+01
3.040000000000000000e+02 3.040000000000000000e+02 1.167716965000003597e+02 -2.684924849999802987e+01
3.050000000000000000e+02 3.050000000000000000e+02 1.167723868999995602e+02 -2.684913477999928588e+01
3.060000000000000000e+02 3.060000000000000000e+02 1.167712392000004229e+02 -2.684905220999642594e+01
3.070000000000000000e+02 3.070000000000000000e+02 1.167721155999998359e+02 -2.684880061999576384e+01
3.080000000000000000e+02 3.080000000000000000e+02 1.167906545999951931e+02 -2.684871872999967124e+01
3.090000000000000000e+02 3.090000000000000000e+02 1.167909859625515026e+02 -2.684845272660010096e+01
3.100000000000000000e+02 3.100000000000000000e+02 1.167902596999982592e+02 -2.684850524000302485e+01
3.110000000000000000e+02 3.110000000000000000e+02 1.167914325999950620e+02 -2.684840338999818599e+01
3.120000000000000000e+02 3.120000000000000000e+02 1.167906374000034759e+02 -2.684802562000260551e+01
3.130000000000000000e+02 3.130000000000000000e+02 1.167910355999983381e+02 -2.684784292999795596e+01
3.140000000000000000e+02 3.140000000000000000e+02 1.168116833999983868e+02 -2.683638749999629169e+01
3.150000000000000000e+02 3.150000000000000000e+02 1.168122839000019439e+02 -2.683617762000046270e+01
3.160000000000000000e+02 3.160000000000000000e+02 1.168111791000050061e+02 -2.683610053000020557e+01
3.170000000000000000e+02 3.170000000000000000e+02 1.168121434558109257e+02 -2.683575101535847551e+01
3.180000000000000000e+02 3.180000000000000000e+02 1.168116867999985402e+02 -2.683570639999749474e+01
3.190000000000000000e+02 3.190000000000000000e+02 1.168111292000010906e+02 -2.683563368999632459e+01
3.200000000000000000e+02 3.200000000000000000e+02 1.168260794000022855e+02 -2.681029043999870964e+01
3.210000000000000000e+02 3.210000000000000000e+02 1.168265036999966497e+02 -2.680997173999693572e+01
3.220000000000000000e+02 3.220000000000000000e+02 1.168260445000003358e+02 -2.680978806000075565e+01
3.230000000000000000e+02 3.230000000000000000e+02 1.168268785239575607e+02 -2.680962354185537677e+01
3.240000000000000000e+02 3.240000000000000000e+02 1.168264982999951656e+02 -2.680940216000214704e+01
3.250000000000000000e+02 3.250000000000000000e+02 1.168259654999985742e+02 -2.680940068999643344e+01
3.260000000000000000e+02 3.260000000000000000e+02 1.167491196999993548e+02 -2.681159810999923820e+01
3.270000000000000000e+02 3.270000000000000000e+02 1.167490367999967589e+02 -2.681110947999806271e+01
3.280000000000000000e+02 3.280000000000000000e+02 1.167497597999967951e+02 -2.681089878999987164e+01
3.290000000000000000e+02 3.290000000000000000e+02 1.167485872999989880e+02 -2.681085965999653453e+01
3.300000000000000000e+02 3.300000000000000000e+02 1.167493084999953510e+02 -2.681079440999781127e+01
3.310000000000000000e+02 3.310000000000000000e+02 1.167488284999991066e+02 -2.681053563000115858e+01
3.320000000000000000e+02 3.320000000000000000e+02 1.167369200000048295e+02 -2.681854891999968515e+01
3.330000000000000000e+02 3.330000000000000000e+02 1.167375215170374076e+02 -2.681855792289236007e+01
3.340000000000000000e+02 3.340000000000000000e+02 1.167372220999970267e+02 -2.681827563000008752e+01
3.350000000000000000e+02 3.350000000000000000e+02 1.167377136000003759e+02 -2.681797591000021441e+01
3.360000000000000000e+02 3.360000000000000000e+02 1.167367363999982786e+02 -2.681794295000014472e+01
3.370000000000000000e+02 3.370000000000000000e+02 1.167372712000017856e+02 -2.681776036999990964e+01
3.380000000000000000e+02 3.380000000000000000e+02 1.167286679000043961e+02 -2.683380302999730915e+01
3.390000000000000000e+02 3.390000000000000000e+02 1.167281282999994403e+02 -2.683349757000043567e+01
3.400000000000000000e+02 3.400000000000000000e+02 1.167290780000001433e+02 -2.683343106000008760e+01
3.410000000000000000e+02 3.410000000000000000e+02 1.167286717000005467e+02 -2.683319401000006010e+01
3.420000000000000000e+02 3.420000000000000000e+02 1.167289505999954429e+02 -2.683288223999962696e+01
3.430000000000000000e+02 3.430000000000000000e+02 1.167281975999965908e+02 -2.683282001000037198e+01
3.440000000000000000e+02 3.440000000000000000e+02 1.167296391000011369e+02 -2.685615287000390694e+01
3.450000000000000000e+02 3.450000000000000000e+02 1.167300779999951743e+02 -2.685612864000322730e+01
3.460000000000000000e+02 3.460000000000000000e+02 1.167305024109476506e+02 -2.685578956577898069e+01
3.470000000000000000e+02 3.470000000000000000e+02 1.167301176999986154e+02 -2.685558085000017670e+01
3.480000000000000000e+02 3.480000000000000000e+02 1.167296813000021274e+02 -2.685545530000321790e+01
3.490000000000000000e+02 3.490000000000000000e+02 1.167300234999983815e+02 -2.685510864999561775e+01
3.500000000000000000e+02 3.500000000000000000e+02 1.167478854000021613e+02 -2.688080530000133805e+01
3.510000000000000000e+02 3.510000000000000000e+02 1.167473327999957604e+02 -2.688062233999659512e+01
3.520000000000000000e+02 3.520000000000000000e+02 1.167478724000019810e+02 -2.688035103000208181e+01
3.530000000000000000e+02 3.530000000000000000e+02 1.167472298000037085e+02 -2.688021481000249935e+01
3.540000000000000000e+02 3.540000000000000000e+02 1.167483829999994782e+02 -2.687997965000163347e+01
3.550000000000000000e+02 3.550000000000000000e+02 1.167474900999968526e+02 -2.687988286999787846e+01
3.560000000000000000e+02 3.560000000000000000e+02 1.167850700999957354e+02 -2.682021175000027213e+01
3.570000000000000000e+02 3.570000000000000000e+02 1.167855588999995149e+02 -2.682011613999961597e+01
3.580000000000000000e+02 3.580000000000000000e+02 1.167848147000046310e+02 -2.681985676999957491e+01
3.590000000000000000e+02 3.590000000000000000e+02 1.167852764418629619e+02 -2.681971221790558602e+01
3.600000000000000000e+02 3.600000000000000000e+02 1.167858608000013874e+02 -2.681948933999995788e+01
3.610000000000000000e+02 3.610000000000000000e+02 1.167852127999962875e+02 -2.681933239000034419e+01
3.620000000000000000e+02 3.620000000000000000e+02 1.167842792004888679e+02 -2.680715788114216380e+01
3.630000000000000000e+02 3.630000000000000000e+02 1.167849518573609657e+02 -2.680713499119059406e+01
3.640000000000000000e+02 3.640000000000000000e+02 1.167845244999991650e+02 -2.680678071000379958e+01
3.650000000000000000e+02 3.650000000000000000e+02 1.167840823999970326e+02 -2.680675186000044619e+01
3.660000000000000000e+02 3.660000000000000000e+02 1.167849826000032749e+02 -2.680670820000262111e+01
3.670000000000000000e+02 3.670000000000000000e+02 1.167846095000035120e+02 -2.680630587999971937e+01
3.680000000000000000e+02 3.680000000000000000e+02 1.167739386870797915e+02 -2.679290898575661117e+01
3.690000000000000000e+02 3.690000000000000000e+02 1.167735055000003257e+02 -2.679272862999556182e+01
3.700000000000000000e+02 3.700000000000000000e+02 1.167744173039097859e+02 -2.679280500426938616e+01
3.710000000000000000e+02 3.710000000000000000e+02 1.167746588999965098e+02 -2.679247024000267174e+01
3.720000000000000000e+02 3.720000000000000000e+02 1.167742301999998631e+02 -2.679232510000042922e+01
3.730000000000000000e+02 3.730000000000000000e+02 1.167738206000001213e+02 -2.679219490999872022e+01
3.740000000000000000e+02 3.740000000000000000e+02 1.167515125462767145e+02 -2.678297561997466048e+01
3.750000000000000000e+02 3.750000000000000000e+02 1.167523517000003608e+02 -2.678266862999863562e+01
3.760000000000000000e+02 3.760000000000000000e+02 1.167512876000048578e+02 -2.678260940000442147e+01
3.770000000000000000e+02 3.770000000000000000e+02 1.167517838000044037e+02 -2.678244879000281031e+01
3.780000000000000000e+02 3.780000000000000000e+02 1.167513972999971656e+02 -2.678223124000270872e+01
3.790000000000000000e+02 3.790000000000000000e+02 1.167521218999954584e+02 -2.678209762000054894e+01
3.800000000000000000e+02 3.800000000000000000e+02 1.167193761999985213e+02 -2.678456979000151605e+01
3.810000000000000000e+02 3.810000000000000000e+02 1.167196821999956740e+02 -2.678426390000363355e+01
3.820000000000000000e+02 3.820000000000000000e+02 1.167187743999970735e+02 -2.678420327999852191e+01
3.830000000000000000e+02 3.830000000000000000e+02 1.167192519999993863e+02 -2.678408795999943948e+01
3.840000000000000000e+02 3.840000000000000000e+02 1.167195238999972418e+02 -2.678371643000135904e+01
3.850000000000000000e+02 3.850000000000000000e+02 1.167188988000015115e+02 -2.678368161999719632e+01
3.860000000000000000e+02 3.860000000000000000e+02 1.168347250999967457e+02 -2.686183360999953607e+01
3.870000000000000000e+02 3.870000000000000000e+02 1.168342803999951798e+02 -2.686164364999863352e+01
3.880000000000000000e+02 3.880000000000000000e+02 1.168353821999993158e+02 -2.686159443000209635e+01
3.890000000000000000e+02 3.890000000000000000e+02 1.168347547000037139e+02 -2.686125445999868688e+01
3.900000000000000000e+02 3.900000000000000000e+02 1.168344165999963309e+02 -2.686090371999947024e+01
3.910000000000000000e+02 3.910000000000000000e+02 1.168352498000012361e+02 -2.686085452999870782e+01
3.920000000000000000e+02 3.920000000000000000e+02 1.168641741000008665e+02 -2.685884988999599088e+01
3.930000000000000000e+02 3.930000000000000000e+02 1.168635502000023791e+02 -2.685875771999649331e+01
3.940000000000000000e+02 3.940000000000000000e+02 1.168638135000006741e+02 -2.685834266999906816e+01
3.950000000000000000e+02 3.950000000000000000e+02 1.168646914999960842e+02 -2.685828285999728848e+01
3.960000000000000000e+02 3.960000000000000000e+02 1.168635762999996359e+02 -2.685801337000369671e+01
3.970000000000000000e+02 3.970000000000000000e+02 1.168643413000029909e+02 -2.685791960999927497e+01
3.980000000000000000e+02 3.980000000000000000e+02 1.168598079999998021e+02 -2.691226900000150479e+01
3.990000000000000000e+02 3.990000000000000000e+02 1.168593150000000236e+02 -2.691194399999942988e+01
4.000000000000000000e+02 4.000000000000000000e+02 1.168586700000024194e+02 -2.691188000000420999e+01
4.010000000000000000e+02 4.010000000000000000e+02 1.168597180000042073e+02 -2.691168199999976807e+01
4.020000000000000000e+02 4.020000000000000000e+02 1.168592750000010341e+02 -2.691150099999693168e+01
4.030000000000000000e+02 4.030000000000000000e+02 1.168588120000015209e+02 -2.691149200000195307e+01
4.040000000000000000e+02 4.040000000000000000e+02 1.169389510000228256e+02 -2.681228700000327692e+01
4.050000000000000000e+02 4.050000000000000000e+02 1.169380150000083063e+02 -2.681225899999745010e+01
4.060000000000000000e+02 4.060000000000000000e+02 1.169385190000196388e+02 -2.681215100000284579e+01
4.070000000000000000e+02 4.070000000000000000e+02 1.169380360000178456e+02 -2.681185300000040073e+01
4.080000000000000000e+02 4.080000000000000000e+02 1.169387899999920961e+02 -2.681180800000231201e+01
4.090000000000000000e+02 4.090000000000000000e+02 1.169384479999767592e+02 -2.681158200000035308e+01
4.100000000000000000e+02 4.100000000000000000e+02 1.169932400000493971e+02 -2.678600799999680504e+01
4.110000000000000000e+02 4.110000000000000000e+02 1.169926159999673416e+02 -2.678560100000253286e+01
4.120000000000000000e+02 4.120000000000000000e+02 1.169931387062369339e+02 -2.678554464731382367e+01
4.130000000000000000e+02 4.130000000000000000e+02 1.169937594603437674e+02 -2.678545620027223606e+01
4.140000000000000000e+02 4.140000000000000000e+02 1.169928880000488221e+02 -2.678504200000388735e+01
4.150000000000000000e+02 4.150000000000000000e+02 1.169935720000245141e+02 -2.678506899999716495e+01
4.160000000000000000e+02 4.160000000000000000e+02 1.170480060000128759e+02 -2.689278699999729838e+01
4.170000000000000000e+02 4.170000000000000000e+02 1.170471980000234993e+02 -2.689252000000001175e+01
4.180000000000000000e+02 4.180000000000000000e+02 1.170484498729766187e+02 -2.689234619912548396e+01
4.190000000000000000e+02 4.190000000000000000e+02 1.170477179999749779e+02 -2.689211200000217517e+01
4.200000000000000000e+02 4.200000000000000000e+02 1.170481599999614986e+02 -2.689205099999623272e+01
4.210000000000000000e+02 4.210000000000000000e+02 1.170472199999872061e+02 -2.689204599999871093e+01
4.220000000000000000e+02 4.220000000000000000e+02 1.171952369999538348e+02 -2.695241799995615750e+01
4.230000000000000000e+02 4.230000000000000000e+02 1.171947339999619970e+02 -2.695223700002904366e+01
4.240000000000000000e+02 4.240000000000000000e+02 1.171959340000296237e+02 -2.695214500001228330e+01
4.250000000000000000e+02 4.250000000000000000e+02 1.171949700000131855e+02 -2.695187899999130110e+01
4.260000000000000000e+02 4.260000000000000000e+02 1.171954140000142814e+02 -2.695176900003212594e+01
4.270000000000000000e+02 4.270000000000000000e+02 1.171949810000406274e+02 -2.695149999996455747e+01
4.280000000000000000e+02 4.280000000000000000e+02 1.166934538999998097e+02 -2.686371635000385538e+01
4.290000000000000000e+02 4.290000000000000000e+02 1.166936576999985817e+02 -2.686334070999672008e+01
4.300000000000000000e+02 4.300000000000000000e+02 1.166941075999955046e+02 -2.686330525999820296e+01
4.310000000000000000e+02 4.310000000000000000e+02 1.166932833999980232e+02 -2.686313581999859679e+01
4.320000000000000000e+02 4.320000000000000000e+02 1.166937211999964603e+02 -2.686282394999634704e+01
4.330000000000000000e+02 4.330000000000000000e+02 1.166931586000002170e+02 -2.686275040000418102e+01
4.340000000000000000e+02 4.340000000000000000e+02 1.166668416999976756e+02 -2.689938693999874886e+01
4.350000000000000000e+02 4.350000000000000000e+02 1.166672735999996178e+02 -2.689936110999924423e+01
4.360000000000000000e+02 4.360000000000000000e+02 1.166674997000034750e+02 -2.689901461000059157e+01
4.370000000000000000e+02 4.370000000000000000e+02 1.166661623000050270e+02 -2.689899702000059634e+01
4.380000000000000000e+02 4.380000000000000000e+02 1.166667497619351650e+02 -2.689886359333932830e+01
4.390000000000000000e+02 4.390000000000000000e+02 1.166667134999976270e+02 -2.689847171000085169e+01
4.400000000000000000e+02 4.400000000000000000e+02 1.166218641000179588e+02 -2.686556324999799372e+01
4.410000000000000000e+02 4.410000000000000000e+02 1.166212672000475266e+02 -2.686540473999891177e+01
4.420000000000000000e+02 4.420000000000000000e+02 1.166208315000385625e+02 -2.686525588999601410e+01
4.430000000000000000e+02 4.430000000000000000e+02 1.166215769999931666e+02 -2.686514205000326427e+01
4.440000000000000000e+02 4.440000000000000000e+02 1.166213033000000650e+02 -2.686477991000267096e+01
4.450000000000000000e+02 4.450000000000000000e+02 1.166217451000275247e+02 -2.686464266999994521e+01
4.460000000000000000e+02 4.460000000000000000e+02 1.166546715795839759e+02 -2.694988048799519120e+01
4.470000000000000000e+02 4.470000000000000000e+02 1.166542507000447273e+02 -2.694979961996889628e+01
4.480000000000000000e+02 4.480000000000000000e+02 1.166546674999699604e+02 -2.694946600996648201e+01
4.490000000000000000e+02 4.490000000000000000e+02 1.166540216940245926e+02 -2.694930675956062061e+01
4.500000000000000000e+02 4.500000000000000000e+02 1.166550570999759486e+02 -2.694915418997875278e+01
4.510000000000000000e+02 4.510000000000000000e+02 1.166543997000367909e+02 -2.694911831998913598e+01
4.520000000000000000e+02 4.520000000000000000e+02 1.166974310000020552e+02 -2.701227499996147330e+01
4.530000000000000000e+02 4.530000000000000000e+02 1.166971209999980488e+02 -2.701196999995921999e+01
4.540000000000000000e+02 4.540000000000000000e+02 1.166976489999967583e+02 -2.701183299998233878e+01
4.550000000000000000e+02 4.550000000000000000e+02 1.166980690000007002e+02 -2.701171099997314329e+01
4.560000000000000000e+02 4.560000000000000000e+02 1.166970520000019604e+02 -2.701156600004078001e+01
4.570000000000000000e+02 4.570000000000000000e+02 1.166976229999970371e+02 -2.701121900001759357e+01
4.580000000000000000e+02 4.580000000000000000e+02 1.165066320134989013e+02 -2.694411666144852191e+01
4.590000000000000000e+02 4.590000000000000000e+02 1.165060747205345706e+02 -2.694380645222032911e+01
4.600000000000000000e+02 4.600000000000000000e+02 1.165066229999754057e+02 -2.694371400004062522e+01
4.610000000000000000e+02 4.610000000000000000e+02 1.165071040000252083e+02 -2.694355199998919659e+01
4.620000000000000000e+02 4.620000000000000000e+02 1.165059840000446343e+02 -2.694342100004080720e+01
4.630000000000000000e+02 4.630000000000000000e+02 1.165066110000298778e+02 -2.694308399997815684e+01
4.640000000000000000e+02 4.640000000000000000e+02 1.164795919999559288e+02 -2.705986200003173536e+01
4.650000000000000000e+02 4.650000000000000000e+02 1.164790379999527090e+02 -2.705970900000610158e+01
4.660000000000000000e+02 4.660000000000000000e+02 1.164800409999537294e+02 -2.705960899997507596e+01
4.670000000000000000e+02 4.670000000000000000e+02 1.164795606248437423e+02 -2.705934013848724717e+01
4.680000000000000000e+02 4.680000000000000000e+02 1.164788830000464088e+02 -2.705934600004259494e+01
4.690000000000000000e+02 4.690000000000000000e+02 1.164793215191807150e+02 -2.705902504947369991e+01
4.700000000000000000e+02 4.700000000000000000e+02 1.167629487000003792e+02 -2.675112622000261808e+01
4.710000000000000000e+02 4.710000000000000000e+02 1.167625228537726230e+02 -2.675106892927612634e+01
4.720000000000000000e+02 4.720000000000000000e+02 1.167621357999996548e+02 -2.675090193999731980e+01
4.730000000000000000e+02 4.730000000000000000e+02 1.167630151000004446e+02 -2.675069929999619589e+01
4.740000000000000000e+02 4.740000000000000000e+02 1.167626054000004387e+02 -2.675056332000145787e+01
4.750000000000000000e+02 4.750000000000000000e+02 1.167622832000004678e+02 -2.675027501999985446e+01
4.760000000000000000e+02 4.760000000000000000e+02 1.168051967000022131e+02 -2.672201945003091694e+01
4.770000000000000000e+02 4.770000000000000000e+02 1.168047650562647846e+02 -2.672187007194163755e+01
4.780000000000000000e+02 4.780000000000000000e+02 1.168052627503255678e+02 -2.672161184462814632e+01
4.790000000000000000e+02 4.790000000000000000e+02 1.168048593999951237e+02 -2.672148053002413093e+01
4.800000000000000000e+02 4.800000000000000000e+02 1.168056815000044963e+02 -2.672142646003251087e+01
4.810000000000000000e+02 4.810000000000000000e+02 1.168051466000009100e+02 -2.672100477000377339e+01
4.820000000000000000e+02 4.820000000000000000e+02 1.167246070000001339e+02 -2.671304878000094973e+01
4.830000000000000000e+02 4.830000000000000000e+02 1.167255167999973935e+02 -2.671297531001362913e+01
4.840000000000000000e+02 4.840000000000000000e+02 1.167249973999967665e+02 -2.671277410997923951e+01
4.850000000000000000e+02 4.850000000000000000e+02 1.167254502141848036e+02 -2.671243527047165500e+01
4.860000000000000000e+02 4.860000000000000000e+02 1.167244089999999659e+02 -2.671239789995990677e+01
4.870000000000000000e+02 4.870000000000000000e+02 1.167250247000007448e+02 -2.671235314001080496e+01
4.880000000000000000e+02 4.880000000000000000e+02 1.166729499999983233e+02 -2.669320199997425647e+01
4.890000000000000000e+02 4.890000000000000000e+02 1.166734129999953922e+02 -2.669309499997730839e+01
4.900000000000000000e+02 4.900000000000000000e+02 1.166727000000018251e+02 -2.669289399996729983e+01
4.910000000000000000e+02 4.910000000000000000e+02 1.166731813135792919e+02 -2.669268939836918264e+01
4.920000000000000000e+02 4.920000000000000000e+02 1.166727310000045037e+02 -2.669243400000701882e+01
4.930000000000000000e+02 4.930000000000000000e+02 1.166732039999993304e+02 -2.669229299999225447e+01
4.940000000000000000e+02 4.940000000000000000e+02 1.166257528196735223e+02 -2.666190168900621416e+01
4.950000000000000000e+02 4.950000000000000000e+02 1.166261409999613790e+02 -2.666171999999450293e+01
4.960000000000000000e+02 4.960000000000000000e+02 1.166258100000053730e+02 -2.666139400003638826e+01
4.970000000000000000e+02 4.970000000000000000e+02 1.166253679999576889e+02 -2.666136599997578216e+01
4.980000000000000000e+02 4.980000000000000000e+02 1.166260830000170046e+02 -2.666103400000954693e+01
4.990000000000000000e+02 4.990000000000000000e+02 1.166254399999728975e+02 -2.666092399998090201e+01
5.000000000000000000e+02 5.000000000000000000e+02 1.166862590000040001e+02 -2.658533400003297587e+01
5.010000000000000000e+02 5.010000000000000000e+02 1.166868570000044798e+02 -2.658516999999074315e+01
5.020000000000000000e+02 5.020000000000000000e+02 1.166858870000048114e+02 -2.658493400003830587e+01
5.030000000000000000e+02 5.030000000000000000e+02 1.166864222512392502e+02 -2.658497125010155671e+01
5.040000000000000000e+02 5.040000000000000000e+02 1.166867209999951740e+02 -2.658468800000921206e+01
5.050000000000000000e+02 5.050000000000000000e+02 1.166859170000004866e+02 -2.658446500000315993e+01
5.060000000000000000e+02 5.060000000000000000e+02 1.166584219999566017e+02 -2.649793899998127245e+01
5.070000000000000000e+02 5.070000000000000000e+02 1.166591929999784298e+02 -2.649768700004264232e+01
5.080000000000000000e+02 5.080000000000000000e+02 1.166585460000481334e+02 -2.649748599998458687e+01
5.090000000000000000e+02 5.090000000000000000e+02 1.166590810000464842e+02 -2.649729899996703963e+01
5.100000000000000000e+02 5.100000000000000000e+02 1.166581370000162536e+02 -2.649724099998769944e+01
5.110000000000000000e+02 5.110000000000000000e+02 1.166585789999871281e+02 -2.649707299997813337e+01
